B1 = [4;3;1]
B2 = [5;2;1]
B3 = [6;1;1]

B = [B1 B2 B3]
