A= [10 7 8 7; 7 5 6 5; 8 6 10 9; 7 5 9 10]

A1 = [A(1:2,1:2)]
A2 = [A(3:4,1:2)]

A3 = [A(1:2,3:4)]
A4 = [A(3:4,3:4)]

Allt = [A1 A3; A2 A4;]
